176 3000 218 218
3000 3000 216 218
3000 3000 217 218
77 3000 218 218
3000 3000 217 218
3000 3000 217 218
1063 3000 218 218
3000 3000 217 218
3000 3000 215 218
2823 3000 218 218
2345 3000 218 218
3000 3000 215 218
3000 3000 217 218
2824 3000 218 218
2727 3000 218 218
1653 3000 218 218
365 3000 218 218
3000 3000 215 218
3000 3000 217 218
3000 3000 217 218
3000 3000 217 218
258 3000 218 218
3000 3000 217 218
1159 3000 218 218
3000 3000 215 218
3000 3000 215 218
1537 3000 218 218
3000 3000 213 218
1792 3000 218 218
3000 3000 217 218
3000 3000 215 218
3000 3000 216 218
3000 3000 214 218
3000 3000 216 218
3000 3000 217 218
3000 3000 217 218
3000 3000 214 218
3000 3000 214 218
3000 3000 217 218
3000 3000 217 218
3000 3000 217 218
3000 3000 217 218
3000 3000 217 218
3000 3000 217 218
1113 3000 218 218
3000 3000 217 218
3000 3000 216 218
976 3000 218 218
1010 3000 218 218
3000 3000 217 218
3000 3000 217 218
3000 3000 217 218
68 3000 218 218
3000 3000 217 218
3000 3000 214 218
478 3000 218 218
3000 3000 216 218
2915 3000 218 218
3000 3000 217 218
3000 3000 217 218
3000 3000 216 218
2822 3000 218 218
299 3000 218 218
3000 3000 216 218
3000 3000 217 218
206 3000 218 218
3000 3000 215 218
3000 3000 217 218
3000 3000 217 218
3000 3000 215 218
356 3000 218 218
352 3000 218 218
3000 3000 215 218
55 3000 218 218
3000 3000 217 218
354 3000 218 218
62 3000 218 218
3000 3000 212 218
3000 3000 217 218
3000 3000 215 218
3000 3000 216 218
3000 3000 216 218
3000 3000 211 218
3000 3000 217 218
3000 3000 216 218
105 3000 218 218
3000 3000 213 218
1060 3000 218 218
3000 3000 217 218
3000 3000 214 218
74 3000 218 218
3000 3000 216 218
3000 3000 215 218
3000 3000 216 218
3000 3000 216 218
3000 3000 217 218
3000 3000 217 218
3000 3000 216 218
3000 3000 215 218
1218 3000 218 218
3000 3000 215 218
3000 3000 217 218
557 3000 218 218
3000 3000 214 218
3000 3000 217 218
3000 3000 213 218
3000 3000 215 218
688 3000 218 218
3000 3000 215 218
3000 3000 217 218
3000 3000 217 218
601 3000 218 218
3000 3000 217 218
185 3000 218 218
3000 3000 217 218
3000 3000 217 218
3000 3000 217 218
3000 3000 217 218
2782 3000 218 218
3000 3000 212 218
3000 3000 216 218
3000 3000 217 218
876 3000 218 218
3000 3000 216 218
3000 3000 217 218
264 3000 218 218
3000 3000 214 218
121 3000 218 218
3000 3000 216 218
2147 3000 218 218
3000 3000 217 218
3000 3000 217 218
3000 3000 217 218
3000 3000 217 218
3000 3000 217 218
2387 3000 218 218
81 3000 218 218
3000 3000 216 218
3000 3000 216 218
3000 3000 216 218
426 3000 218 218
3000 3000 214 218
3000 3000 217 218
3000 3000 217 218
1713 3000 218 218
811 3000 218 218
3000 3000 212 218
142 3000 218 218
3000 3000 214 218
343 3000 218 218
36 3000 218 218
3000 3000 217 218
87 3000 218 218
3000 3000 216 218
3000 3000 217 218
3000 3000 217 218
3000 3000 216 218
3000 3000 215 218
275 3000 218 218
3000 3000 214 218
648 3000 218 218
3000 3000 215 218
3000 3000 216 218
1901 3000 218 218
3000 3000 216 218
1329 3000 218 218
3000 3000 217 218
3000 3000 214 218
215 3000 218 218
3000 3000 217 218
324 3000 218 218
3000 3000 217 218
40 3000 218 218
1120 3000 218 218
523 3000 218 218
3000 3000 213 218
3000 3000 215 218
3000 3000 217 218
3000 3000 217 218
3000 3000 217 218
3000 3000 216 218
3000 3000 214 218
3000 3000 215 218
3000 3000 217 218
2610 3000 218 218
3000 3000 217 218
1496 3000 218 218
3000 3000 216 218
574 3000 218 218
3000 3000 216 218
3000 3000 217 218
3000 3000 215 218
69 3000 218 218
3000 3000 215 218
3000 3000 217 218
3000 3000 217 218
1105 3000 218 218
40 3000 218 218
3000 3000 217 218
1648 3000 218 218
3000 3000 215 218
756 3000 218 218
3000 3000 217 218
1465 3000 218 218
3000 3000 216 218
3000 3000 216 218
3000 3000 217 218
717 3000 218 218
3000 3000 217 218
3000 3000 216 218
3000 3000 217 218
554 3000 218 218
3000 3000 217 218
3000 3000 213 218
537 3000 218 218
3000 3000 212 218
3000 3000 215 218
3000 3000 217 218
36 3000 218 218
2544 3000 218 218
376 3000 218 218
3000 3000 217 218
3000 3000 217 218
3000 3000 216 218
3000 3000 212 218
1791 3000 218 218
952 3000 218 218
3000 3000 217 218
3000 3000 217 218
1272 3000 218 218
3000 3000 214 218
3000 3000 217 218
3000 3000 217 218
2650 3000 218 218
3000 3000 215 218
83 3000 218 218
3000 3000 213 218
3000 3000 216 218
217 3000 218 218
3000 3000 217 218
3000 3000 217 218
3000 3000 214 218
1823 3000 218 218
3000 3000 216 218
3000 3000 217 218
34 3000 218 218
3000 3000 215 218
839 3000 218 218
284 3000 218 218
1249 3000 218 218
3000 3000 217 218
1639 3000 218 218
3000 3000 214 218
282 3000 218 218
3000 3000 216 218
123 3000 218 218
483 3000 218 218
1639 3000 218 218
3000 3000 217 218
3000 3000 215 218
3000 3000 217 218
3000 3000 216 218
3000 3000 215 218
3000 3000 216 218
2090 3000 218 218
3000 3000 217 218
3000 3000 216 218
3000 3000 217 218
3000 3000 217 218
178 3000 218 218
622 3000 218 218
79 3000 218 218
3000 3000 217 218
60 3000 218 218
65 3000 218 218
2577 3000 218 218
83 3000 218 218
3000 3000 217 218
830 3000 218 218
3000 3000 217 218
3000 3000 217 218
3000 3000 216 218
3000 3000 216 218
3000 3000 213 218
3000 3000 216 218
20 3000 218 218
3000 3000 217 218
3000 3000 217 218
3000 3000 209 218
1221 3000 218 218
352 3000 218 218
3000 3000 217 218
3000 3000 217 218
3000 3000 217 218
3000 3000 216 218
3000 3000 217 218
84 3000 218 218
3000 3000 215 218
3000 3000 215 218
3000 3000 217 218
2362 3000 218 218
1230 3000 218 218
2080 3000 218 218
3000 3000 217 218
489 3000 218 218
3000 3000 216 218
3000 3000 216 218
3000 3000 216 218
3000 3000 216 218
3000 3000 217 218
2953 3000 218 218
3000 3000 213 218
812 3000 218 218
2947 3000 218 218
3000 3000 217 218
3000 3000 217 218
3000 3000 216 218
104 3000 218 218
3000 3000 215 218
3000 3000 217 218
225 3000 218 218
1049 3000 218 218
1711 3000 218 218
3000 3000 214 218
245 3000 218 218
522 3000 218 218
3000 3000 211 218
3000 3000 217 218
3000 3000 217 218
128 3000 218 218
3000 3000 217 218
2940 3000 218 218
1108 3000 218 218
3000 3000 217 218
3000 3000 217 218
3000 3000 211 218
3000 3000 214 218
3000 3000 217 218
1674 3000 218 218
3000 3000 217 218
3000 3000 217 218
248 3000 218 218
990 3000 218 218
3000 3000 217 218
3000 3000 217 218
2861 3000 218 218
3000 3000 216 218
2241 3000 218 218
35 3000 218 218
3000 3000 217 218
3000 3000 216 218
2563 3000 218 218
3000 3000 217 218
3000 3000 217 218
1327 3000 218 218
3000 3000 216 218
3000 3000 216 218
2769 3000 218 218
214 3000 218 218
157 3000 218 218
1045 3000 218 218
3000 3000 216 218
3000 3000 217 218
3000 3000 216 218
732 3000 218 218
1489 3000 218 218
3000 3000 217 218
3000 3000 217 218
3000 3000 217 218
3000 3000 217 218
3000 3000 216 218
1030 3000 218 218
3000 3000 213 218
76 3000 218 218
3000 3000 217 218
3000 3000 217 218
3000 3000 217 218
3000 3000 214 218
3000 3000 216 218
3000 3000 217 218
53 3000 218 218
3000 3000 216 218
815 3000 218 218
3000 3000 215 218
3000 3000 215 218
3000 3000 217 218
3000 3000 216 218
3000 3000 216 218
3000 3000 215 218
3000 3000 216 218
3000 3000 217 218
1733 3000 218 218
3000 3000 217 218
200 3000 218 218
3000 3000 217 218
3000 3000 216 218
1350 3000 218 218
381 3000 218 218
507 3000 218 218
3000 3000 216 218
2947 3000 218 218
83 3000 218 218
3000 3000 217 218
2338 3000 218 218
747 3000 218 218
1714 3000 218 218
3000 3000 217 218
560 3000 218 218
2351 3000 218 218
3000 3000 217 218
3000 3000 216 218
3000 3000 215 218
3000 3000 215 218
337 3000 218 218
3000 3000 214 218
3000 3000 217 218
3000 3000 215 218
3000 3000 217 218
3000 3000 216 218
3000 3000 217 218
906 3000 218 218
58 3000 218 218
3000 3000 217 218
3000 3000 217 218
3000 3000 217 218
3000 3000 216 218
2795 3000 218 218
3000 3000 216 218
3000 3000 213 218
3000 3000 217 218
2909 3000 218 218
3000 3000 217 218
3000 3000 217 218
3000 3000 217 218
1342 3000 218 218
3000 3000 215 218
3000 3000 217 218
79 3000 218 218
3000 3000 213 218
406 3000 218 218
3000 3000 216 218
3000 3000 217 218
3000 3000 215 218
3000 3000 217 218
3000 3000 216 218
2441 3000 218 218
3000 3000 217 218
105 3000 218 218
3000 3000 215 218
1309 3000 218 218
3000 3000 216 218
3000 3000 217 218
3000 3000 216 218
3000 3000 217 218
3000 3000 217 218
909 3000 218 218
3000 3000 214 218
3000 3000 217 218
3000 3000 216 218
3000 3000 217 218
3000 3000 211 218
3000 3000 213 218
3000 3000 216 218
84 3000 218 218
3000 3000 217 218
3000 3000 215 218
56 3000 218 218
3000 3000 217 218
141 3000 218 218
3000 3000 217 218
3000 3000 216 218
201 3000 218 218
3000 3000 217 218
3000 3000 217 218
833 3000 218 218
3000 3000 217 218
3000 3000 217 218
3000 3000 215 218
3000 3000 216 218
3000 3000 214 218
3000 3000 217 218
3000 3000 214 218
3000 3000 217 218
3000 3000 217 218
3000 3000 216 218
149 3000 218 218
1895 3000 218 218
3000 3000 214 218
3000 3000 217 218
1883 3000 218 218
3000 3000 217 218
2690 3000 218 218
147 3000 218 218
110 3000 218 218
3000 3000 217 218
3000 3000 217 218
2352 3000 218 218
1033 3000 218 218
3000 3000 216 218
3000 3000 217 218
3000 3000 217 218
2208 3000 218 218
161 3000 218 218
3000 3000 215 218
3000 3000 216 218
3000 3000 216 218
3000 3000 217 218
2450 3000 218 218
3000 3000 217 218
3000 3000 217 218
3000 3000 216 218
3000 3000 216 218
3000 3000 217 218
3000 3000 216 218
3000 3000 217 218
3000 3000 217 218
3000 3000 217 218
1343 3000 218 218
3000 3000 217 218
3000 3000 217 218
3000 3000 217 218
2796 3000 218 218
3000 3000 217 218
3000 3000 217 218
1773 3000 218 218
3000 3000 216 218
768 3000 218 218
2044 3000 218 218
3000 3000 217 218
3000 3000 215 218
3000 3000 217 218
3000 3000 217 218
3000 3000 215 218
173 3000 218 218
2077 3000 218 218
499 3000 218 218
63 3000 218 218
215 3000 218 218
1693 3000 218 218
3000 3000 216 218
3000 3000 217 218
3000 3000 217 218
3000 3000 214 218
2772 3000 218 218
3000 3000 216 218
1351 3000 218 218
3000 3000 217 218
3000 3000 215 218
3000 3000 217 218
3000 3000 217 218
1528 3000 218 218
3000 3000 206 218
2129 3000 218 218
98 3000 218 218
3000 3000 216 218
1189 3000 218 218
1090 3000 218 218
3000 3000 217 218
3000 3000 216 218
1787 3000 218 218
3000 3000 216 218
110 3000 218 218
3000 3000 216 218
3000 3000 217 218
3000 3000 217 218
3000 3000 216 218
3000 3000 217 218
3000 3000 217 218
3000 3000 216 218
3000 3000 217 218
861 3000 218 218
3000 3000 216 218
3000 3000 217 218
3000 3000 216 218
3000 3000 217 218
3000 3000 216 218
3000 3000 215 218
3000 3000 216 218
3000 3000 217 218
3000 3000 216 218
3000 3000 215 218
3000 3000 216 218
3000 3000 216 218
3000 3000 217 218
159 3000 218 218
3000 3000 217 218
2071 3000 218 218
3000 3000 216 218
3000 3000 216 218
3000 3000 217 218
3000 3000 215 218
3000 3000 217 218
3000 3000 216 218
1993 3000 218 218
1759 3000 218 218
184 3000 218 218
3000 3000 217 218
2645 3000 218 218
1413 3000 218 218
3000 3000 215 218
3000 3000 217 218
262 3000 218 218
3000 3000 217 218
829 3000 218 218
3000 3000 216 218
3000 3000 217 218
3000 3000 217 218
3000 3000 216 218
3000 3000 217 218
3000 3000 217 218
3000 3000 214 218
3000 3000 215 218
1304 3000 218 218
3000 3000 217 218
3000 3000 216 218
3000 3000 217 218
3000 3000 217 218
1355 3000 218 218
3000 3000 216 218
3000 3000 217 218
3000 3000 217 218
3000 3000 215 218
3000 3000 217 218
41 3000 218 218
146 3000 218 218
584 3000 218 218
3000 3000 216 218
2588 3000 218 218
3000 3000 216 218
3000 3000 217 218
3000 3000 215 218
3000 3000 217 218
3000 3000 214 218
3000 3000 217 218
3000 3000 217 218
3000 3000 217 218
3000 3000 217 218
3000 3000 214 218
3000 3000 216 218
3000 3000 216 218
3000 3000 214 218
3000 3000 217 218
3000 3000 216 218
3000 3000 215 218
64 3000 218 218
3000 3000 217 218
49 3000 218 218
3000 3000 217 218
3000 3000 217 218
3000 3000 217 218
3000 3000 216 218
3000 3000 217 218
3000 3000 217 218
3000 3000 216 218
1216 3000 218 218
3000 3000 213 218
3000 3000 217 218
247 3000 218 218
3000 3000 217 218
3000 3000 212 218
3000 3000 216 218
3000 3000 215 218
3000 3000 215 218
3000 3000 217 218
495 3000 218 218
126 3000 218 218
2165 3000 218 218
3000 3000 217 218
2741 3000 218 218
3000 3000 217 218
3000 3000 217 218
3000 3000 217 218
2081 3000 218 218
3000 3000 216 218
3000 3000 217 218
3000 3000 215 218
56 3000 218 218
3000 3000 217 218
59 3000 218 218
3000 3000 216 218
3000 3000 217 218
2325 3000 218 218
3000 3000 214 218
3000 3000 216 218
3000 3000 216 218
3000 3000 217 218
3000 3000 216 218
3000 3000 216 218
3000 3000 215 218
3000 3000 217 218
773 3000 218 218
3000 3000 217 218
564 3000 218 218
3000 3000 216 218
3000 3000 216 218
2414 3000 218 218
3000 3000 217 218
1512 3000 218 218
2932 3000 218 218
3000 3000 217 218
3000 3000 216 218
3000 3000 210 218
3000 3000 217 218
3000 3000 217 218
3000 3000 217 218
3000 3000 217 218
3000 3000 215 218
2450 3000 218 218
1865 3000 218 218
86 3000 218 218
3000 3000 217 218
3000 3000 217 218
3000 3000 217 218
551 3000 218 218
1762 3000 218 218
3000 3000 217 218
3000 3000 217 218
3000 3000 217 218
3000 3000 217 218
130 3000 218 218
3000 3000 217 218
3000 3000 215 218
3000 3000 216 218
3000 3000 217 218
3000 3000 217 218
3000 3000 217 218
3000 3000 217 218
3000 3000 216 218
1565 3000 218 218
84 3000 218 218
3000 3000 217 218
3000 3000 217 218
3000 3000 213 218
3000 3000 217 218
3000 3000 217 218
2057 3000 218 218
3000 3000 214 218
3000 3000 216 218
3000 3000 213 218
3000 3000 216 218
2452 3000 218 218
1450 3000 218 218
3000 3000 216 218
3000 3000 216 218
3000 3000 217 218
3000 3000 216 218
3000 3000 214 218
3000 3000 214 218
3000 3000 217 218
3000 3000 217 218
3000 3000 217 218
3000 3000 215 218
3000 3000 217 218
3000 3000 211 218
3000 3000 215 218
3000 3000 214 218
3000 3000 215 218
3000 3000 217 218
3000 3000 217 218
3000 3000 216 218
112 3000 218 218
3000 3000 216 218
3000 3000 217 218
1536 3000 218 218
3000 3000 217 218
2818 3000 218 218
3000 3000 217 218
3000 3000 216 218
3000 3000 217 218
183 3000 218 218
3000 3000 214 218
100 3000 218 218
3000 3000 217 218
1137 3000 218 218
71 3000 218 218
3000 3000 217 218
3000 3000 217 218
420 3000 218 218
1406 3000 218 218
3000 3000 217 218
3000 3000 217 218
3000 3000 217 218
3000 3000 217 218
3000 3000 216 218
3000 3000 216 218
94 3000 218 218
178 3000 218 218
1989 3000 218 218
3000 3000 215 218
703 3000 218 218
3000 3000 217 218
3000 3000 217 218
3000 3000 217 218
3000 3000 217 218
3000 3000 209 218
3000 3000 216 218
1595 3000 218 218
461 3000 218 218
417 3000 218 218
3000 3000 217 218
2614 3000 218 218
3000 3000 216 218
3000 3000 217 218
2842 3000 218 218
3000 3000 217 218
643 3000 218 218
3000 3000 217 218
746 3000 218 218
2221 3000 218 218
2334 3000 218 218
3000 3000 215 218
3000 3000 217 218
3000 3000 216 218
2572 3000 218 218
774 3000 218 218
1537 3000 218 218
509 3000 218 218
3000 3000 217 218
3000 3000 216 218
654 3000 218 218
3000 3000 217 218
3000 3000 217 218
177 3000 218 218
3000 3000 217 218
3000 3000 217 218
50 3000 218 218
3000 3000 217 218
3000 3000 217 218
3000 3000 214 218
3000 3000 217 218
3000 3000 213 218
1789 3000 218 218
204 3000 218 218
3000 3000 216 218
3000 3000 217 218
3000 3000 216 218
3000 3000 217 218
3000 3000 217 218
68 3000 218 218
3000 3000 213 218
3000 3000 216 218
580 3000 218 218
3000 3000 209 218
3000 3000 217 218
251 3000 218 218
3000 3000 214 218
3000 3000 217 218
79 3000 218 218
3000 3000 215 218
3000 3000 217 218
3000 3000 216 218
3000 3000 217 218
3000 3000 217 218
287 3000 218 218
1767 3000 218 218
3000 3000 217 218
3000 3000 217 218
3000 3000 216 218
1653 3000 218 218
2245 3000 218 218
3000 3000 217 218
82 3000 218 218
3000 3000 213 218
3000 3000 217 218
1201 3000 218 218
3000 3000 216 218
3000 3000 217 218
1247 3000 218 218
3000 3000 215 218
3000 3000 214 218
3000 3000 217 218
3000 3000 217 218
3000 3000 216 218
3000 3000 211 218
3000 3000 210 218
3000 3000 217 218
3000 3000 216 218
3000 3000 217 218
3000 3000 213 218
3000 3000 217 218
473 3000 218 218
3000 3000 217 218
213 3000 218 218
3000 3000 216 218
3000 3000 214 218
3000 3000 217 218
3000 3000 216 218
2895 3000 218 218
2345 3000 218 218
949 3000 218 218
3000 3000 217 218
3000 3000 216 218
3000 3000 217 218
2328 3000 218 218
2558 3000 218 218
3000 3000 217 218
3000 3000 217 218
310 3000 218 218
3000 3000 217 218
3000 3000 217 218
3000 3000 217 218
3000 3000 217 218
1876 3000 218 218
3000 3000 217 218
161 3000 218 218
3000 3000 217 218
3000 3000 217 218
912 3000 218 218
3000 3000 217 218
3000 3000 217 218
130 3000 218 218
2715 3000 218 218
85 3000 218 218
1358 3000 218 218
3000 3000 215 218
2285 3000 218 218
3000 3000 216 218
3000 3000 217 218
3000 3000 212 218
3000 3000 217 218
1119 3000 218 218
3000 3000 215 218
3000 3000 217 218
3000 3000 217 218
3000 3000 215 218
474 3000 218 218
3000 3000 215 218
2068 3000 218 218
3000 3000 215 218
3000 3000 217 218
3000 3000 217 218
86 3000 218 218
3000 3000 217 218
3000 3000 217 218
3000 3000 217 218
2438 3000 218 218
3000 3000 216 218
3000 3000 216 218
3000 3000 217 218
3000 3000 217 218
3000 3000 216 218
3000 3000 217 218
3000 3000 217 218
3000 3000 217 218
3000 3000 217 218
1439 3000 218 218
3000 3000 217 218
657 3000 218 218
3000 3000 216 218
921 3000 218 218
1629 3000 218 218
3000 3000 216 218
3000 3000 217 218
3000 3000 216 218
2106 3000 218 218
3000 3000 217 218
66 3000 218 218
3000 3000 217 218
3000 3000 217 218
3000 3000 217 218
3000 3000 216 218
1340 3000 218 218
567 3000 218 218
3000 3000 213 218
2408 3000 218 218
3000 3000 217 218
3000 3000 215 218
3000 3000 217 218
3000 3000 217 218
3000 3000 217 218
3000 3000 217 218
80 3000 218 218
3000 3000 214 218
3000 3000 217 218
3000 3000 214 218
3000 3000 217 218
2243 3000 218 218
2781 3000 218 218
3000 3000 214 218
3000 3000 217 218
69 3000 218 218
1199 3000 218 218
3000 3000 217 218
3000 3000 217 218
3000 3000 217 218
3000 3000 217 218
3000 3000 217 218
3000 3000 216 218
3000 3000 217 218
2968 3000 218 218
2230 3000 218 218
3000 3000 217 218
2393 3000 218 218
3000 3000 215 218
1000 3000 218 218
3000 3000 215 218
3000 3000 216 218
123 3000 218 218
1004 3000 218 218
2802 3000 218 218
