3000 3000 319 320
322 3000 320 320
3000 3000 318 320
3000 3000 314 320
3000 3000 319 320
309 3000 320 320
3000 3000 318 320
3000 3000 319 320
514 3000 320 320
270 3000 320 320
3000 3000 317 320
3000 3000 316 320
3000 3000 317 320
3000 3000 315 320
298 3000 320 320
3000 3000 316 320
3000 3000 319 320
3000 3000 318 320
3000 3000 319 320
3000 3000 311 320
3000 3000 319 320
3000 3000 318 320
3000 3000 315 320
3000 3000 316 320
3000 3000 319 320
3000 3000 318 320
3000 3000 319 320
3000 3000 318 320
3000 3000 317 320
3000 3000 317 320
3000 3000 314 320
3000 3000 314 320
2383 3000 320 320
3000 3000 319 320
3000 3000 314 320
2145 3000 320 320
3000 3000 318 320
3000 3000 317 320
3000 3000 319 320
3000 3000 317 320
3000 3000 316 320
187 3000 320 320
3000 3000 318 320
3000 3000 316 320
3000 3000 318 320
3000 3000 318 320
625 3000 320 320
3000 3000 319 320
1005 3000 320 320
3000 3000 318 320
3000 3000 315 320
3000 3000 315 320
727 3000 320 320
3000 3000 317 320
341 3000 320 320
3000 3000 319 320
1054 3000 320 320
1233 3000 320 320
3000 3000 318 320
606 3000 320 320
3000 3000 317 320
3000 3000 317 320
3000 3000 319 320
3000 3000 317 320
3000 3000 318 320
3000 3000 314 320
3000 3000 319 320
3000 3000 316 320
2168 3000 320 320
3000 3000 315 320
3000 3000 315 320
257 3000 320 320
1460 3000 320 320
3000 3000 314 320
3000 3000 315 320
346 3000 320 320
3000 3000 319 320
3000 3000 318 320
948 3000 320 320
3000 3000 316 320
205 3000 320 320
3000 3000 316 320
3000 3000 317 320
1473 3000 320 320
3000 3000 318 320
3000 3000 317 320
859 3000 320 320
3000 3000 318 320
3000 3000 318 320
3000 3000 317 320
534 3000 320 320
3000 3000 318 320
3000 3000 318 320
3000 3000 316 320
3000 3000 319 320
1925 3000 320 320
3000 3000 318 320
3000 3000 316 320
3000 3000 317 320
3000 3000 318 320
3000 3000 317 320
284 3000 320 320
3000 3000 315 320
3000 3000 318 320
2380 3000 320 320
446 3000 320 320
3000 3000 316 320
3000 3000 317 320
3000 3000 317 320
3000 3000 317 320
3000 3000 319 320
3000 3000 319 320
3000 3000 316 320
3000 3000 319 320
3000 3000 317 320
389 3000 320 320
1675 3000 320 320
3000 3000 316 320
3000 3000 318 320
3000 3000 319 320
3000 3000 318 320
1457 3000 320 320
3000 3000 319 320
1051 3000 320 320
3000 3000 319 320
3000 3000 317 320
2704 3000 320 320
217 3000 320 320
3000 3000 312 320
2124 3000 320 320
80 3000 320 320
3000 3000 319 320
3000 3000 319 320
3000 3000 316 320
3000 3000 318 320
3000 3000 316 320
1486 3000 320 320
3000 3000 318 320
3000 3000 316 320
3000 3000 319 320
3000 3000 317 320
3000 3000 318 320
3000 3000 315 320
2162 3000 320 320
3000 3000 318 320
3000 3000 319 320
3000 3000 316 320
3000 3000 318 320
998 3000 320 320
553 3000 320 320
3000 3000 315 320
128 3000 320 320
3000 3000 316 320
3000 3000 316 320
3000 3000 318 320
3000 3000 316 320
3000 3000 318 320
3000 3000 318 320
3000 3000 318 320
3000 3000 316 320
3000 3000 317 320
2528 3000 320 320
3000 3000 319 320
2941 3000 320 320
3000 3000 317 320
2752 3000 320 320
3000 3000 313 320
3000 3000 319 320
3000 3000 317 320
3000 3000 318 320
3000 3000 317 320
3000 3000 319 320
3000 3000 319 320
3000 3000 316 320
3000 3000 315 320
3000 3000 319 320
3000 3000 319 320
3000 3000 318 320
996 3000 320 320
1884 3000 320 320
3000 3000 315 320
3000 3000 313 320
3000 3000 317 320
1312 3000 320 320
3000 3000 316 320
3000 3000 314 320
3000 3000 318 320
3000 3000 316 320
3000 3000 317 320
3000 3000 315 320
3000 3000 317 320
1595 3000 320 320
80 3000 320 320
2313 3000 320 320
263 3000 320 320
3000 3000 318 320
3000 3000 316 320
3000 3000 318 320
1043 3000 320 320
3000 3000 317 320
3000 3000 318 320
3000 3000 315 320
3000 3000 316 320
3000 3000 316 320
3000 3000 319 320
580 3000 320 320
1421 3000 320 320
535 3000 320 320
779 3000 320 320
3000 3000 317 320
3000 3000 317 320
3000 3000 316 320
3000 3000 317 320
3000 3000 318 320
119 3000 320 320
147 3000 320 320
3000 3000 318 320
211 3000 320 320
3000 3000 312 320
3000 3000 319 320
3000 3000 315 320
3000 3000 315 320
3000 3000 316 320
3000 3000 317 320
165 3000 320 320
3000 3000 314 320
3000 3000 318 320
417 3000 320 320
595 3000 320 320
3000 3000 319 320
3000 3000 317 320
352 3000 320 320
1507 3000 320 320
3000 3000 310 320
3000 3000 319 320
3000 3000 318 320
3000 3000 315 320
3000 3000 318 320
3000 3000 318 320
3000 3000 318 320
329 3000 320 320
558 3000 320 320
120 3000 320 320
118 3000 320 320
3000 3000 317 320
1738 3000 320 320
3000 3000 314 320
3000 3000 318 320
2669 3000 320 320
3000 3000 317 320
3000 3000 317 320
568 3000 320 320
1711 3000 320 320
1433 3000 320 320
3000 3000 317 320
3000 3000 319 320
3000 3000 315 320
299 3000 320 320
3000 3000 315 320
3000 3000 318 320
3000 3000 314 320
3000 3000 316 320
3000 3000 318 320
3000 3000 317 320
3000 3000 316 320
3000 3000 319 320
2349 3000 320 320
3000 3000 316 320
3000 3000 319 320
3000 3000 318 320
3000 3000 317 320
3000 3000 318 320
698 3000 320 320
3000 3000 316 320
3000 3000 316 320
2344 3000 320 320
752 3000 320 320
3000 3000 316 320
1329 3000 320 320
324 3000 320 320
3000 3000 318 320
202 3000 320 320
3000 3000 319 320
2764 3000 320 320
3000 3000 317 320
1358 3000 320 320
3000 3000 318 320
3000 3000 315 320
3000 3000 313 320
255 3000 320 320
3000 3000 313 320
3000 3000 317 320
3000 3000 317 320
2623 3000 320 320
2307 3000 320 320
775 3000 320 320
3000 3000 318 320
3000 3000 311 320
3000 3000 319 320
3000 3000 318 320
3000 3000 318 320
2646 3000 320 320
741 3000 320 320
3000 3000 319 320
1506 3000 320 320
3000 3000 318 320
297 3000 320 320
3000 3000 319 320
3000 3000 317 320
3000 3000 318 320
3000 3000 319 320
739 3000 320 320
3000 3000 319 320
1672 3000 320 320
3000 3000 310 320
3000 3000 318 320
1688 3000 320 320
3000 3000 317 320
1763 3000 320 320
3000 3000 317 320
3000 3000 319 320
3000 3000 314 320
3000 3000 318 320
3000 3000 318 320
3000 3000 318 320
3000 3000 317 320
3000 3000 313 320
185 3000 320 320
1484 3000 320 320
121 3000 320 320
3000 3000 316 320
189 3000 320 320
3000 3000 317 320
3000 3000 318 320
3000 3000 314 320
3000 3000 317 320
3000 3000 315 320
985 3000 320 320
161 3000 320 320
3000 3000 319 320
1475 3000 320 320
3000 3000 318 320
3000 3000 318 320
237 3000 320 320
3000 3000 318 320
3000 3000 313 320
2562 3000 320 320
3000 3000 318 320
1626 3000 320 320
3000 3000 316 320
3000 3000 316 320
3000 3000 316 320
2103 3000 320 320
3000 3000 317 320
3000 3000 319 320
3000 3000 318 320
3000 3000 318 320
3000 3000 317 320
370 3000 320 320
308 3000 320 320
190 3000 320 320
3000 3000 318 320
3000 3000 317 320
3000 3000 319 320
3000 3000 315 320
3000 3000 319 320
2594 3000 320 320
825 3000 320 320
3000 3000 319 320
706 3000 320 320
3000 3000 318 320
3000 3000 315 320
3000 3000 319 320
754 3000 320 320
3000 3000 318 320
3000 3000 315 320
289 3000 320 320
3000 3000 317 320
3000 3000 318 320
3000 3000 313 320
3000 3000 315 320
385 3000 320 320
2661 3000 320 320
287 3000 320 320
536 3000 320 320
3000 3000 319 320
3000 3000 318 320
3000 3000 318 320
3000 3000 317 320
1148 3000 320 320
2571 3000 320 320
3000 3000 317 320
2074 3000 320 320
3000 3000 318 320
3000 3000 318 320
3000 3000 317 320
2989 3000 320 320
3000 3000 316 320
3000 3000 317 320
3000 3000 318 320
3000 3000 318 320
3000 3000 315 320
599 3000 320 320
3000 3000 318 320
3000 3000 317 320
3000 3000 319 320
3000 3000 315 320
3000 3000 318 320
3000 3000 319 320
3000 3000 319 320
3000 3000 318 320
2099 3000 320 320
3000 3000 314 320
3000 3000 317 320
3000 3000 315 320
226 3000 320 320
3000 3000 317 320
3000 3000 318 320
324 3000 320 320
3000 3000 317 320
1559 3000 320 320
1629 3000 320 320
472 3000 320 320
1605 3000 320 320
2231 3000 320 320
3000 3000 319 320
1018 3000 320 320
3000 3000 315 320
2907 3000 320 320
1755 3000 320 320
528 3000 320 320
1951 3000 320 320
2418 3000 320 320
3000 3000 318 320
182 3000 320 320
890 3000 320 320
3000 3000 317 320
336 3000 320 320
255 3000 320 320
2374 3000 320 320
3000 3000 312 320
359 3000 320 320
1880 3000 320 320
3000 3000 319 320
3000 3000 313 320
3000 3000 319 320
3000 3000 317 320
3000 3000 318 320
3000 3000 318 320
780 3000 320 320
337 3000 320 320
3000 3000 319 320
3000 3000 317 320
3000 3000 317 320
3000 3000 319 320
3000 3000 316 320
3000 3000 318 320
3000 3000 318 320
3000 3000 317 320
397 3000 320 320
2438 3000 320 320
361 3000 320 320
3000 3000 317 320
3000 3000 318 320
3000 3000 314 320
3000 3000 317 320
3000 3000 319 320
3000 3000 319 320
3000 3000 318 320
3000 3000 317 320
3000 3000 316 320
3000 3000 319 320
1390 3000 320 320
482 3000 320 320
1438 3000 320 320
3000 3000 316 320
3000 3000 310 320
3000 3000 318 320
3000 3000 315 320
3000 3000 313 320
3000 3000 318 320
1842 3000 320 320
82 3000 320 320
3000 3000 318 320
3000 3000 318 320
3000 3000 315 320
3000 3000 312 320
3000 3000 319 320
3000 3000 318 320
3000 3000 316 320
251 3000 320 320
3000 3000 316 320
587 3000 320 320
3000 3000 318 320
3000 3000 318 320
3000 3000 315 320
3000 3000 317 320
1574 3000 320 320
3000 3000 317 320
68 3000 320 320
3000 3000 314 320
1088 3000 320 320
3000 3000 318 320
3000 3000 316 320
137 3000 320 320
114 3000 320 320
1682 3000 320 320
114 3000 320 320
3000 3000 319 320
3000 3000 318 320
668 3000 320 320
2090 3000 320 320
1436 3000 320 320
1069 3000 320 320
690 3000 320 320
3000 3000 317 320
615 3000 320 320
3000 3000 318 320
882 3000 320 320
3000 3000 318 320
3000 3000 318 320
3000 3000 319 320
3000 3000 319 320
462 3000 320 320
3000 3000 315 320
3000 3000 317 320
3000 3000 317 320
3000 3000 317 320
3000 3000 315 320
139 3000 320 320
438 3000 320 320
316 3000 320 320
3000 3000 318 320
1980 3000 320 320
3000 3000 318 320
3000 3000 317 320
2646 3000 320 320
3000 3000 318 320
3000 3000 319 320
297 3000 320 320
3000 3000 316 320
762 3000 320 320
3000 3000 316 320
655 3000 320 320
3000 3000 319 320
3000 3000 318 320
3000 3000 319 320
784 3000 320 320
445 3000 320 320
3000 3000 318 320
3000 3000 318 320
296 3000 320 320
3000 3000 316 320
946 3000 320 320
3000 3000 317 320
278 3000 320 320
1203 3000 320 320
579 3000 320 320
3000 3000 317 320
3000 3000 318 320
518 3000 320 320
3000 3000 318 320
3000 3000 315 320
721 3000 320 320
2292 3000 320 320
3000 3000 316 320
2048 3000 320 320
457 3000 320 320
3000 3000 316 320
2997 3000 320 320
3000 3000 314 320
290 3000 320 320
3000 3000 318 320
3000 3000 319 320
3000 3000 319 320
2489 3000 320 320
120 3000 320 320
3000 3000 319 320
3000 3000 318 320
3000 3000 319 320
3000 3000 317 320
3000 3000 315 320
3000 3000 318 320
3000 3000 318 320
3000 3000 318 320
1697 3000 320 320
3000 3000 318 320
3000 3000 316 320
3000 3000 318 320
3000 3000 316 320
3000 3000 318 320
3000 3000 318 320
3000 3000 318 320
549 3000 320 320
3000 3000 318 320
3000 3000 318 320
3000 3000 316 320
3000 3000 319 320
3000 3000 318 320
3000 3000 317 320
2500 3000 320 320
3000 3000 314 320
3000 3000 318 320
3000 3000 319 320
3000 3000 318 320
3000 3000 319 320
3000 3000 318 320
3000 3000 318 320
3000 3000 318 320
3000 3000 318 320
204 3000 320 320
2073 3000 320 320
3000 3000 318 320
432 3000 320 320
3000 3000 319 320
3000 3000 319 320
110 3000 320 320
3000 3000 317 320
3000 3000 315 320
2201 3000 320 320
3000 3000 317 320
99 3000 320 320
3000 3000 319 320
3000 3000 319 320
3000 3000 317 320
233 3000 320 320
2957 3000 320 320
1930 3000 320 320
390 3000 320 320
3000 3000 316 320
3000 3000 313 320
3000 3000 318 320
3000 3000 319 320
203 3000 320 320
223 3000 320 320
2340 3000 320 320
220 3000 320 320
79 3000 320 320
3000 3000 319 320
3000 3000 317 320
3000 3000 319 320
3000 3000 317 320
3000 3000 317 320
398 3000 320 320
132 3000 320 320
1920 3000 320 320
3000 3000 318 320
3000 3000 318 320
3000 3000 318 320
3000 3000 318 320
3000 3000 317 320
666 3000 320 320
3000 3000 317 320
3000 3000 315 320
3000 3000 316 320
244 3000 320 320
3000 3000 318 320
3000 3000 318 320
3000 3000 319 320
3000 3000 316 320
3000 3000 317 320
3000 3000 315 320
1378 3000 320 320
645 3000 320 320
3000 3000 318 320
3000 3000 319 320
3000 3000 318 320
345 3000 320 320
3000 3000 319 320
3000 3000 318 320
1047 3000 320 320
3000 3000 318 320
3000 3000 316 320
3000 3000 318 320
1509 3000 320 320
3000 3000 317 320
3000 3000 318 320
3000 3000 319 320
3000 3000 317 320
1891 3000 320 320
3000 3000 318 320
3000 3000 319 320
3000 3000 317 320
91 3000 320 320
3000 3000 319 320
3000 3000 317 320
3000 3000 319 320
3000 3000 318 320
546 3000 320 320
505 3000 320 320
3000 3000 317 320
3000 3000 318 320
3000 3000 317 320
3000 3000 319 320
535 3000 320 320
769 3000 320 320
3000 3000 315 320
3000 3000 316 320
3000 3000 316 320
3000 3000 318 320
3000 3000 317 320
3000 3000 316 320
3000 3000 315 320
2198 3000 320 320
3000 3000 314 320
3000 3000 316 320
2029 3000 320 320
480 3000 320 320
3000 3000 312 320
3000 3000 318 320
3000 3000 319 320
3000 3000 318 320
1946 3000 320 320
3000 3000 318 320
480 3000 320 320
3000 3000 317 320
3000 3000 318 320
3000 3000 319 320
3000 3000 318 320
2545 3000 320 320
3000 3000 318 320
593 3000 320 320
3000 3000 317 320
3000 3000 316 320
571 3000 320 320
3000 3000 317 320
3000 3000 319 320
3000 3000 319 320
230 3000 320 320
3000 3000 318 320
3000 3000 316 320
3000 3000 317 320
2332 3000 320 320
3000 3000 318 320
3000 3000 318 320
3000 3000 318 320
353 3000 320 320
3000 3000 319 320
3000 3000 314 320
3000 3000 319 320
3000 3000 318 320
388 3000 320 320
3000 3000 314 320
822 3000 320 320
2215 3000 320 320
3000 3000 318 320
3000 3000 319 320
3000 3000 317 320
3000 3000 319 320
533 3000 320 320
3000 3000 315 320
748 3000 320 320
3000 3000 318 320
3000 3000 318 320
2093 3000 320 320
3000 3000 318 320
3000 3000 319 320
3000 3000 317 320
3000 3000 318 320
2345 3000 320 320
1745 3000 320 320
3000 3000 316 320
428 3000 320 320
3000 3000 318 320
3000 3000 319 320
3000 3000 318 320
3000 3000 315 320
3000 3000 317 320
3000 3000 314 320
3000 3000 319 320
3000 3000 318 320
3000 3000 317 320
496 3000 320 320
3000 3000 318 320
3000 3000 316 320
3000 3000 318 320
3000 3000 319 320
3000 3000 316 320
3000 3000 316 320
3000 3000 317 320
3000 3000 319 320
2984 3000 320 320
1021 3000 320 320
433 3000 320 320
3000 3000 317 320
825 3000 320 320
3000 3000 319 320
449 3000 320 320
3000 3000 312 320
3000 3000 317 320
3000 3000 319 320
3000 3000 317 320
3000 3000 318 320
1078 3000 320 320
3000 3000 315 320
1089 3000 320 320
3000 3000 316 320
146 3000 320 320
3000 3000 314 320
860 3000 320 320
1764 3000 320 320
3000 3000 317 320
3000 3000 318 320
507 3000 320 320
3000 3000 317 320
3000 3000 318 320
2286 3000 320 320
3000 3000 317 320
3000 3000 316 320
224 3000 320 320
1225 3000 320 320
3000 3000 317 320
3000 3000 319 320
3000 3000 318 320
3000 3000 318 320
3000 3000 317 320
731 3000 320 320
554 3000 320 320
2740 3000 320 320
3000 3000 315 320
3000 3000 318 320
3000 3000 319 320
3000 3000 317 320
3000 3000 314 320
178 3000 320 320
3000 3000 319 320
3000 3000 318 320
3000 3000 315 320
336 3000 320 320
3000 3000 317 320
3000 3000 318 320
1636 3000 320 320
2160 3000 320 320
233 3000 320 320
3000 3000 314 320
3000 3000 319 320
3000 3000 316 320
290 3000 320 320
3000 3000 319 320
1373 3000 320 320
274 3000 320 320
551 3000 320 320
947 3000 320 320
3000 3000 318 320
3000 3000 317 320
3000 3000 318 320
826 3000 320 320
3000 3000 319 320
170 3000 320 320
317 3000 320 320
3000 3000 317 320
3000 3000 315 320
3000 3000 318 320
168 3000 320 320
3000 3000 318 320
3000 3000 318 320
3000 3000 318 320
3000 3000 315 320
680 3000 320 320
3000 3000 319 320
3000 3000 314 320
2601 3000 320 320
937 3000 320 320
3000 3000 318 320
514 3000 320 320
3000 3000 319 320
3000 3000 315 320
3000 3000 318 320
3000 3000 318 320
2023 3000 320 320
3000 3000 315 320
3000 3000 318 320
1975 3000 320 320
222 3000 320 320
3000 3000 318 320
2530 3000 320 320
729 3000 320 320
3000 3000 319 320
184 3000 320 320
734 3000 320 320
3000 3000 319 320
272 3000 320 320
470 3000 320 320
3000 3000 317 320
720 3000 320 320
3000 3000 319 320
3000 3000 318 320
3000 3000 316 320
3000 3000 316 320
3000 3000 317 320
3000 3000 317 320
3000 3000 318 320
311 3000 320 320
2200 3000 320 320
3000 3000 318 320
1348 3000 320 320
2860 3000 320 320
3000 3000 319 320
599 3000 320 320
3000 3000 318 320
1081 3000 320 320
3000 3000 318 320
3000 3000 317 320
3000 3000 315 320
1443 3000 320 320
3000 3000 316 320
3000 3000 319 320
3000 3000 319 320
3000 3000 319 320
3000 3000 318 320
3000 3000 319 320
3000 3000 314 320
3000 3000 318 320
341 3000 320 320
631 3000 320 320
3000 3000 318 320
3000 3000 317 320
3000 3000 318 320
3000 3000 318 320
3000 3000 318 320
3000 3000 319 320
986 3000 320 320
3000 3000 319 320
3000 3000 317 320
331 3000 320 320
2016 3000 320 320
195 3000 320 320
3000 3000 319 320
174 3000 320 320
1783 3000 320 320
3000 3000 317 320
1010 3000 320 320
3000 3000 317 320
3000 3000 317 320
3000 3000 317 320
3000 3000 318 320
3000 3000 318 320
3000 3000 318 320
3000 3000 319 320
3000 3000 318 320
3000 3000 315 320
95 3000 320 320
3000 3000 314 320
1065 3000 320 320
3000 3000 317 320
3000 3000 319 320
574 3000 320 320
2138 3000 320 320
3000 3000 318 320
1802 3000 320 320
2613 3000 320 320
3000 3000 317 320
3000 3000 319 320
3000 3000 315 320
903 3000 320 320
1044 3000 320 320
3000 3000 318 320
1481 3000 320 320
1170 3000 320 320
3000 3000 317 320
913 3000 320 320
1174 3000 320 320
2252 3000 320 320
3000 3000 315 320
3000 3000 317 320
3000 3000 318 320
3000 3000 316 320
3000 3000 315 320
2814 3000 320 320
3000 3000 319 320
3000 3000 316 320
3000 3000 313 320
304 3000 320 320
66 3000 320 320
3000 3000 316 320
3000 3000 317 320
1991 3000 320 320
1479 3000 320 320
640 3000 320 320
3000 3000 318 320
3000 3000 318 320
3000 3000 314 320
3000 3000 316 320
3000 3000 318 320
2792 3000 320 320
3000 3000 318 320
3000 3000 317 320
3000 3000 316 320
3000 3000 318 320
3000 3000 315 320
3000 3000 316 320
453 3000 320 320
3000 3000 317 320
3000 3000 316 320
92 3000 320 320
3000 3000 318 320
365 3000 320 320
273 3000 320 320
3000 3000 318 320
1645 3000 320 320
