566 3000 218 218
1436 3000 218 218
3000 3000 214 218
3000 3000 217 218
921 3000 218 218
266 3000 218 218
172 3000 218 218
565 3000 218 218
3000 3000 217 218
3000 3000 216 218
2277 3000 218 218
915 3000 218 218
1976 3000 218 218
3000 3000 213 218
580 3000 218 218
1678 3000 218 218
2763 3000 218 218
1823 3000 218 218
3000 3000 215 218
615 3000 218 218
2855 3000 218 218
3000 3000 217 218
3000 3000 216 218
215 3000 218 218
2916 3000 218 218
2639 3000 218 218
3000 3000 216 218
3000 3000 217 218
1372 3000 218 218
559 3000 218 218
909 3000 218 218
942 3000 218 218
2685 3000 218 218
821 3000 218 218
477 3000 218 218
329 3000 218 218
2343 3000 218 218
1670 3000 218 218
3000 3000 217 218
3000 3000 217 218
3000 3000 217 218
3000 3000 217 218
266 3000 218 218
881 3000 218 218
3000 3000 212 218
387 3000 218 218
1228 3000 218 218
108 3000 218 218
1877 3000 218 218
3000 3000 217 218
3000 3000 217 218
329 3000 218 218
154 3000 218 218
2000 3000 218 218
3000 3000 215 218
2592 3000 218 218
2583 3000 218 218
2686 3000 218 218
3000 3000 213 218
741 3000 218 218
3000 3000 217 218
1007 3000 218 218
650 3000 218 218
3000 3000 217 218
2320 3000 218 218
3000 3000 210 218
1971 3000 218 218
1861 3000 218 218
3000 3000 217 218
409 3000 218 218
1138 3000 218 218
336 3000 218 218
3000 3000 217 218
249 3000 218 218
3000 3000 211 218
3000 3000 217 218
1665 3000 218 218
833 3000 218 218
3000 3000 216 218
3000 3000 217 218
3000 3000 217 218
3000 3000 217 218
1409 3000 218 218
1188 3000 218 218
1815 3000 218 218
2552 3000 218 218
682 3000 218 218
1862 3000 218 218
38 3000 218 218
279 3000 218 218
1350 3000 218 218
628 3000 218 218
3000 3000 215 218
3000 3000 217 218
3000 3000 215 218
1658 3000 218 218
2821 3000 218 218
236 3000 218 218
2937 3000 218 218
3000 3000 217 218
466 3000 218 218
2532 3000 218 218
436 3000 218 218
145 3000 218 218
1908 3000 218 218
1636 3000 218 218
3000 3000 216 218
36 3000 218 218
2353 3000 218 218
1383 3000 218 218
83 3000 218 218
430 3000 218 218
2514 3000 218 218
3000 3000 217 218
1628 3000 218 218
3000 3000 212 218
855 3000 218 218
3000 3000 217 218
1424 3000 218 218
1688 3000 218 218
3000 3000 217 218
1256 3000 218 218
283 3000 218 218
257 3000 218 218
2223 3000 218 218
916 3000 218 218
3000 3000 217 218
1332 3000 218 218
2436 3000 218 218
1242 3000 218 218
937 3000 218 218
1113 3000 218 218
2037 3000 218 218
2711 3000 218 218
1120 3000 218 218
1884 3000 218 218
375 3000 218 218
1458 3000 218 218
2017 3000 218 218
2209 3000 218 218
1403 3000 218 218
536 3000 218 218
3000 3000 217 218
1921 3000 218 218
1832 3000 218 218
1170 3000 218 218
3000 3000 217 218
3000 3000 217 218
1464 3000 218 218
91 3000 218 218
1116 3000 218 218
413 3000 218 218
3000 3000 216 218
2242 3000 218 218
1555 3000 218 218
1729 3000 218 218
3000 3000 217 218
96 3000 218 218
3000 3000 213 218
106 3000 218 218
61 3000 218 218
3000 3000 217 218
3000 3000 216 218
810 3000 218 218
70 3000 218 218
2387 3000 218 218
1035 3000 218 218
407 3000 218 218
3000 3000 216 218
739 3000 218 218
634 3000 218 218
534 3000 218 218
3000 3000 217 218
666 3000 218 218
3000 3000 216 218
271 3000 218 218
35 3000 218 218
306 3000 218 218
2412 3000 218 218
1726 3000 218 218
3000 3000 215 218
168 3000 218 218
230 3000 218 218
2098 3000 218 218
1022 3000 218 218
2243 3000 218 218
1068 3000 218 218
3000 3000 217 218
3000 3000 217 218
3000 3000 217 218
3000 3000 217 218
1597 3000 218 218
45 3000 218 218
104 3000 218 218
3000 3000 217 218
421 3000 218 218
903 3000 218 218
3000 3000 217 218
3000 3000 217 218
3000 3000 217 218
1962 3000 218 218
353 3000 218 218
3000 3000 216 218
3000 3000 216 218
2038 3000 218 218
2010 3000 218 218
3000 3000 216 218
1300 3000 218 218
700 3000 218 218
159 3000 218 218
1577 3000 218 218
1473 3000 218 218
854 3000 218 218
3000 3000 213 218
2630 3000 218 218
819 3000 218 218
3000 3000 213 218
298 3000 218 218
2165 3000 218 218
2036 3000 218 218
513 3000 218 218
3000 3000 215 218
2569 3000 218 218
544 3000 218 218
3000 3000 217 218
2952 3000 218 218
1874 3000 218 218
110 3000 218 218
473 3000 218 218
3000 3000 217 218
3000 3000 211 218
543 3000 218 218
3000 3000 215 218
3000 3000 212 218
1896 3000 218 218
3000 3000 217 218
960 3000 218 218
1935 3000 218 218
2097 3000 218 218
3000 3000 217 218
3000 3000 215 218
690 3000 218 218
1304 3000 218 218
2037 3000 218 218
3000 3000 217 218
753 3000 218 218
3000 3000 217 218
2570 3000 218 218
617 3000 218 218
3000 3000 217 218
3000 3000 216 218
334 3000 218 218
561 3000 218 218
582 3000 218 218
84 3000 218 218
3000 3000 217 218
3000 3000 217 218
2305 3000 218 218
56 3000 218 218
1888 3000 218 218
3000 3000 217 218
2405 3000 218 218
3000 3000 216 218
989 3000 218 218
558 3000 218 218
3000 3000 217 218
651 3000 218 218
1978 3000 218 218
3000 3000 217 218
1478 3000 218 218
1504 3000 218 218
1554 3000 218 218
699 3000 218 218
2610 3000 218 218
411 3000 218 218
1689 3000 218 218
297 3000 218 218
808 3000 218 218
845 3000 218 218
1511 3000 218 218
1006 3000 218 218
968 3000 218 218
671 3000 218 218
3000 3000 214 218
563 3000 218 218
3000 3000 217 218
114 3000 218 218
3000 3000 217 218
2402 3000 218 218
2760 3000 218 218
3000 3000 217 218
2664 3000 218 218
723 3000 218 218
207 3000 218 218
2761 3000 218 218
3000 3000 217 218
1436 3000 218 218
81 3000 218 218
3000 3000 217 218
3000 3000 217 218
1897 3000 218 218
1173 3000 218 218
2634 3000 218 218
3000 3000 217 218
3000 3000 216 218
1964 3000 218 218
1920 3000 218 218
2223 3000 218 218
1310 3000 218 218
178 3000 218 218
2609 3000 218 218
2375 3000 218 218
1663 3000 218 218
3000 3000 217 218
3000 3000 217 218
1086 3000 218 218
2731 3000 218 218
735 3000 218 218
3000 3000 215 218
728 3000 218 218
367 3000 218 218
3000 3000 217 218
1775 3000 218 218
834 3000 218 218
1738 3000 218 218
3000 3000 213 218
3000 3000 217 218
2306 3000 218 218
1691 3000 218 218
3000 3000 217 218
344 3000 218 218
1778 3000 218 218
388 3000 218 218
2190 3000 218 218
1853 3000 218 218
3000 3000 217 218
410 3000 218 218
798 3000 218 218
3000 3000 210 218
785 3000 218 218
3000 3000 217 218
3000 3000 216 218
1905 3000 218 218
2399 3000 218 218
2580 3000 218 218
3000 3000 217 218
770 3000 218 218
3000 3000 216 218
3000 3000 217 218
692 3000 218 218
1045 3000 218 218
894 3000 218 218
1179 3000 218 218
28 3000 218 218
1713 3000 218 218
2324 3000 218 218
3000 3000 217 218
812 3000 218 218
3000 3000 217 218
3000 3000 215 218
2374 3000 218 218
1254 3000 218 218
3000 3000 217 218
3000 3000 217 218
1634 3000 218 218
1888 3000 218 218
1115 3000 218 218
2970 3000 218 218
1118 3000 218 218
944 3000 218 218
1215 3000 218 218
768 3000 218 218
155 3000 218 218
3000 3000 217 218
343 3000 218 218
2330 3000 218 218
1946 3000 218 218
3000 3000 216 218
481 3000 218 218
346 3000 218 218
662 3000 218 218
2610 3000 218 218
128 3000 218 218
2723 3000 218 218
3000 3000 215 218
3000 3000 217 218
1611 3000 218 218
3000 3000 217 218
353 3000 218 218
3000 3000 217 218
65 3000 218 218
578 3000 218 218
3000 3000 217 218
3000 3000 216 218
2046 3000 218 218
32 3000 218 218
1583 3000 218 218
3000 3000 217 218
1345 3000 218 218
3000 3000 217 218
49 3000 218 218
401 3000 218 218
1656 3000 218 218
1619 3000 218 218
1614 3000 218 218
3000 3000 217 218
2569 3000 218 218
1812 3000 218 218
3000 3000 216 218
181 3000 218 218
485 3000 218 218
3000 3000 217 218
303 3000 218 218
3000 3000 217 218
1318 3000 218 218
2257 3000 218 218
267 3000 218 218
3000 3000 217 218
1527 3000 218 218
1483 3000 218 218
2793 3000 218 218
1060 3000 218 218
3000 3000 215 218
1061 3000 218 218
1933 3000 218 218
451 3000 218 218
1828 3000 218 218
1120 3000 218 218
1493 3000 218 218
1775 3000 218 218
3000 3000 217 218
3000 3000 217 218
1769 3000 218 218
2165 3000 218 218
2734 3000 218 218
2302 3000 218 218
177 3000 218 218
770 3000 218 218
843 3000 218 218
1897 3000 218 218
3000 3000 217 218
1251 3000 218 218
586 3000 218 218
3000 3000 216 218
1334 3000 218 218
930 3000 218 218
1329 3000 218 218
1144 3000 218 218
1118 3000 218 218
3000 3000 213 218
3000 3000 215 218
1085 3000 218 218
45 3000 218 218
3000 3000 217 218
2368 3000 218 218
3000 3000 216 218
646 3000 218 218
391 3000 218 218
244 3000 218 218
361 3000 218 218
837 3000 218 218
1901 3000 218 218
2772 3000 218 218
3000 3000 217 218
1605 3000 218 218
435 3000 218 218
758 3000 218 218
476 3000 218 218
3000 3000 214 218
3000 3000 215 218
1858 3000 218 218
3000 3000 217 218
161 3000 218 218
2983 3000 218 218
2574 3000 218 218
2284 3000 218 218
3000 3000 217 218
83 3000 218 218
49 3000 218 218
3000 3000 217 218
117 3000 218 218
3000 3000 217 218
2170 3000 218 218
3000 3000 217 218
3000 3000 214 218
3000 3000 216 218
3000 3000 217 218
3000 3000 216 218
2145 3000 218 218
3000 3000 217 218
389 3000 218 218
3000 3000 214 218
1825 3000 218 218
3000 3000 216 218
66 3000 218 218
3000 3000 217 218
2740 3000 218 218
919 3000 218 218
687 3000 218 218
3000 3000 217 218
118 3000 218 218
3000 3000 217 218
1071 3000 218 218
1145 3000 218 218
1131 3000 218 218
583 3000 218 218
3000 3000 217 218
1154 3000 218 218
62 3000 218 218
1519 3000 218 218
2463 3000 218 218
3000 3000 217 218
270 3000 218 218
67 3000 218 218
939 3000 218 218
3000 3000 217 218
2881 3000 218 218
3000 3000 217 218
942 3000 218 218
1392 3000 218 218
3000 3000 211 218
2241 3000 218 218
2711 3000 218 218
1836 3000 218 218
293 3000 218 218
1792 3000 218 218
895 3000 218 218
3000 3000 217 218
3000 3000 217 218
3000 3000 217 218
2579 3000 218 218
1390 3000 218 218
3000 3000 215 218
1166 3000 218 218
866 3000 218 218
282 3000 218 218
777 3000 218 218
1114 3000 218 218
541 3000 218 218
1059 3000 218 218
26 3000 218 218
115 3000 218 218
737 3000 218 218
3000 3000 213 218
1034 3000 218 218
3000 3000 217 218
1163 3000 218 218
791 3000 218 218
1173 3000 218 218
299 3000 218 218
151 3000 218 218
2505 3000 218 218
3000 3000 217 218
1655 3000 218 218
218 3000 218 218
3000 3000 209 218
3000 3000 216 218
1483 3000 218 218
2605 3000 218 218
3000 3000 212 218
3000 3000 216 218
3000 3000 217 218
1769 3000 218 218
3000 3000 217 218
2263 3000 218 218
942 3000 218 218
300 3000 218 218
3000 3000 217 218
151 3000 218 218
108 3000 218 218
496 3000 218 218
1584 3000 218 218
2543 3000 218 218
3000 3000 217 218
2725 3000 218 218
2009 3000 218 218
2250 3000 218 218
3000 3000 217 218
833 3000 218 218
3000 3000 213 218
3000 3000 215 218
851 3000 218 218
3000 3000 217 218
302 3000 218 218
2412 3000 218 218
607 3000 218 218
2754 3000 218 218
3000 3000 217 218
251 3000 218 218
2193 3000 218 218
2578 3000 218 218
1474 3000 218 218
715 3000 218 218
1176 3000 218 218
3000 3000 217 218
330 3000 218 218
1004 3000 218 218
738 3000 218 218
3000 3000 217 218
561 3000 218 218
793 3000 218 218
3000 3000 216 218
3000 3000 217 218
3000 3000 216 218
482 3000 218 218
475 3000 218 218
1510 3000 218 218
3000 3000 216 218
405 3000 218 218
3000 3000 217 218
556 3000 218 218
1458 3000 218 218
3000 3000 212 218
278 3000 218 218
3000 3000 214 218
137 3000 218 218
3000 3000 217 218
343 3000 218 218
1466 3000 218 218
856 3000 218 218
2080 3000 218 218
2654 3000 218 218
1464 3000 218 218
415 3000 218 218
454 3000 218 218
3000 3000 217 218
400 3000 218 218
1597 3000 218 218
340 3000 218 218
269 3000 218 218
3000 3000 217 218
2240 3000 218 218
2928 3000 218 218
576 3000 218 218
840 3000 218 218
3000 3000 215 218
1610 3000 218 218
2210 3000 218 218
3000 3000 217 218
3000 3000 217 218
1939 3000 218 218
3000 3000 214 218
3000 3000 215 218
3000 3000 216 218
852 3000 218 218
52 3000 218 218
1732 3000 218 218
106 3000 218 218
3000 3000 217 218
456 3000 218 218
1846 3000 218 218
563 3000 218 218
62 3000 218 218
943 3000 218 218
489 3000 218 218
449 3000 218 218
3000 3000 215 218
3000 3000 214 218
1542 3000 218 218
486 3000 218 218
2663 3000 218 218
2024 3000 218 218
1544 3000 218 218
2174 3000 218 218
3000 3000 215 218
3000 3000 212 218
401 3000 218 218
2464 3000 218 218
3000 3000 217 218
181 3000 218 218
262 3000 218 218
3000 3000 217 218
1742 3000 218 218
165 3000 218 218
1556 3000 218 218
1428 3000 218 218
1981 3000 218 218
2751 3000 218 218
2518 3000 218 218
232 3000 218 218
1199 3000 218 218
2821 3000 218 218
2700 3000 218 218
1007 3000 218 218
778 3000 218 218
3000 3000 217 218
1090 3000 218 218
422 3000 218 218
3000 3000 216 218
3000 3000 217 218
1364 3000 218 218
1715 3000 218 218
2250 3000 218 218
3000 3000 217 218
1502 3000 218 218
3000 3000 216 218
1155 3000 218 218
356 3000 218 218
1043 3000 218 218
1334 3000 218 218
3000 3000 213 218
3000 3000 217 218
1830 3000 218 218
2138 3000 218 218
1970 3000 218 218
700 3000 218 218
602 3000 218 218
297 3000 218 218
721 3000 218 218
3000 3000 217 218
293 3000 218 218
3000 3000 217 218
73 3000 218 218
302 3000 218 218
2465 3000 218 218
1203 3000 218 218
2431 3000 218 218
3000 3000 216 218
1815 3000 218 218
1169 3000 218 218
519 3000 218 218
1368 3000 218 218
1438 3000 218 218
1733 3000 218 218
1227 3000 218 218
74 3000 218 218
3000 3000 216 218
123 3000 218 218
544 3000 218 218
1232 3000 218 218
1476 3000 218 218
2499 3000 218 218
878 3000 218 218
2421 3000 218 218
3000 3000 215 218
426 3000 218 218
1620 3000 218 218
3000 3000 217 218
177 3000 218 218
3000 3000 216 218
3000 3000 215 218
1088 3000 218 218
2641 3000 218 218
2206 3000 218 218
3000 3000 217 218
2976 3000 218 218
1118 3000 218 218
2369 3000 218 218
3000 3000 215 218
1165 3000 218 218
259 3000 218 218
1045 3000 218 218
811 3000 218 218
1294 3000 218 218
1891 3000 218 218
1774 3000 218 218
3000 3000 217 218
112 3000 218 218
678 3000 218 218
1172 3000 218 218
3000 3000 214 218
3000 3000 217 218
3000 3000 217 218
654 3000 218 218
3000 3000 214 218
779 3000 218 218
3000 3000 217 218
1070 3000 218 218
981 3000 218 218
3000 3000 215 218
934 3000 218 218
3000 3000 216 218
311 3000 218 218
3000 3000 216 218
555 3000 218 218
778 3000 218 218
3000 3000 214 218
3000 3000 216 218
338 3000 218 218
2236 3000 218 218
603 3000 218 218
3000 3000 217 218
607 3000 218 218
746 3000 218 218
1769 3000 218 218
2562 3000 218 218
3000 3000 216 218
447 3000 218 218
399 3000 218 218
1349 3000 218 218
2073 3000 218 218
3000 3000 217 218
3000 3000 217 218
3000 3000 217 218
3000 3000 217 218
3000 3000 215 218
822 3000 218 218
3000 3000 215 218
1695 3000 218 218
174 3000 218 218
1093 3000 218 218
855 3000 218 218
463 3000 218 218
1099 3000 218 218
2425 3000 218 218
414 3000 218 218
3000 3000 217 218
36 3000 218 218
1585 3000 218 218
823 3000 218 218
3000 3000 217 218
3000 3000 216 218
952 3000 218 218
188 3000 218 218
2776 3000 218 218
559 3000 218 218
1042 3000 218 218
330 3000 218 218
3000 3000 217 218
1695 3000 218 218
847 3000 218 218
846 3000 218 218
317 3000 218 218
154 3000 218 218
1429 3000 218 218
3000 3000 217 218
1142 3000 218 218
2869 3000 218 218
62 3000 218 218
187 3000 218 218
1633 3000 218 218
543 3000 218 218
2135 3000 218 218
3000 3000 217 218
886 3000 218 218
209 3000 218 218
675 3000 218 218
1879 3000 218 218
1053 3000 218 218
77 3000 218 218
2352 3000 218 218
2878 3000 218 218
534 3000 218 218
3000 3000 216 218
3000 3000 215 218
3000 3000 212 218
2873 3000 218 218
3000 3000 216 218
1497 3000 218 218
3000 3000 217 218
1237 3000 218 218
724 3000 218 218
628 3000 218 218
85 3000 218 218
485 3000 218 218
1628 3000 218 218
2698 3000 218 218
593 3000 218 218
683 3000 218 218
3000 3000 217 218
3000 3000 214 218
973 3000 218 218
2405 3000 218 218
3000 3000 216 218
3000 3000 217 218
889 3000 218 218
3000 3000 212 218
1272 3000 218 218
921 3000 218 218
3000 3000 217 218
2131 3000 218 218
2685 3000 218 218
2028 3000 218 218
601 3000 218 218
3000 3000 217 218
2457 3000 218 218
927 3000 218 218
223 3000 218 218
988 3000 218 218
3000 3000 215 218
898 3000 218 218
425 3000 218 218
2386 3000 218 218
3000 3000 217 218
3000 3000 216 218
2102 3000 218 218
2340 3000 218 218
1842 3000 218 218
2696 3000 218 218
3000 3000 214 218
3000 3000 215 218
849 3000 218 218
1381 3000 218 218
126 3000 218 218
3000 3000 217 218
3000 3000 215 218
32 3000 218 218
3000 3000 217 218
557 3000 218 218
2316 3000 218 218
3000 3000 216 218
3000 3000 217 218
3000 3000 214 218
781 3000 218 218
66 3000 218 218
137 3000 218 218
186 3000 218 218
742 3000 218 218
2039 3000 218 218
3000 3000 217 218
1189 3000 218 218
1335 3000 218 218
1950 3000 218 218
3000 3000 216 218
1612 3000 218 218
3000 3000 216 218
1636 3000 218 218
409 3000 218 218
1556 3000 218 218
3000 3000 217 218
757 3000 218 218
392 3000 218 218
3000 3000 217 218
781 3000 218 218
57 3000 218 218
1904 3000 218 218
3000 3000 217 218
2010 3000 218 218
3000 3000 217 218
2034 3000 218 218
3000 3000 213 218
1819 3000 218 218
3000 3000 216 218
2056 3000 218 218
2112 3000 218 218
1737 3000 218 218
3000 3000 217 218
1862 3000 218 218
1829 3000 218 218
2503 3000 218 218
1276 3000 218 218
3000 3000 217 218
267 3000 218 218
90 3000 218 218
1042 3000 218 218
3000 3000 216 218
108 3000 218 218
269 3000 218 218
1409 3000 218 218
2165 3000 218 218
1571 3000 218 218
1433 3000 218 218
512 3000 218 218
2100 3000 218 218
2492 3000 218 218
230 3000 218 218
3000 3000 217 218
3000 3000 215 218
131 3000 218 218
3000 3000 217 218
47 3000 218 218
3000 3000 217 218
1654 3000 218 218
1186 3000 218 218
948 3000 218 218
921 3000 218 218
76 3000 218 218
1258 3000 218 218
1344 3000 218 218
343 3000 218 218
81 3000 218 218
2591 3000 218 218
362 3000 218 218
3000 3000 217 218
387 3000 218 218
1704 3000 218 218
1032 3000 218 218
3000 3000 217 218
359 3000 218 218
921 3000 218 218
297 3000 218 218
1609 3000 218 218
2797 3000 218 218
693 3000 218 218
3000 3000 217 218
232 3000 218 218
2165 3000 218 218
2117 3000 218 218
793 3000 218 218
616 3000 218 218
1046 3000 218 218
575 3000 218 218
1730 3000 218 218
272 3000 218 218
3000 3000 217 218
2071 3000 218 218
3000 3000 217 218
997 3000 218 218
1530 3000 218 218
1661 3000 218 218
